0 0.4876543209876543 0.025470890410958905 0.5925925925925926 0.03809931506849315
0 0.5 0.07341609589041095 0.14814814814814814 0.05094178082191781
0 0.4722222222222222 0.12778253424657535 0.2037037037037037 0.05607876712328767
0 0.4876543209876543 0.19006849315068494 0.6666666666666666 0.053082191780821915
0 0.5246913580246914 0.2420804794520548 0.7654320987654321 0.05094178082191781
0 0.4722222222222222 0.3090753424657534 0.7592592592592593 0.06934931506849315
0 0.5524691358024691 0.3685787671232877 0.6234567901234568 0.0547945205479452
0 0.5524691358024691 0.4156678082191781 0.41358024691358025 0.023972602739726026
0 0.5216049382716049 0.461472602739726 0.4876543209876543 0.06592465753424658
0 0.5555555555555556 0.5284674657534246 0.6049382716049383 0.062071917808219176
0 0.5493827160493827 0.5813356164383562 0.5555555555555556 0.04366438356164384
0 0.5432098765432098 0.6196489726027398 0.5925925925925926 0.009845890410958904
0 0.5401234567901234 0.6498287671232876 0.4012345679012346 0.029965753424657533
0 0.5802469135802469 0.6872859589041096 0.30864197530864196 0.04409246575342466
0 0.5771604938271605 0.7392979452054794 0.4012345679012346 0.04708904109589041
0 0.5833333333333334 0.7887414383561644 0.5493827160493827 0.05179794520547945
0 0.6388888888888888 0.84375 0.19135802469135801 0.038527397260273974
0 0.6141975308641975 0.8846318493150684 0.19135802469135801 0.04323630136986301
0 0.5771604938271605 0.936429794520548 0.2654320987654321 0.04238013698630137
0 0.5679012345679012 0.9755993150684932 0.2839506172839506 0.03595890410958904
