0 0.5668604651162791 0.03854344122657581 0.38953488372093026 0.06431005110732538
0 0.4796511627906977 0.10008517887563884 0.7848837209302325 0.05281090289608177
0 0.5755813953488372 0.1518313458262351 0.627906976744186 0.056643952299829645
0 0.6075581395348837 0.21316013628620104 0.6104651162790697 0.048977853492333905
0 0.5901162790697675 0.2572402044293015 0.45930232558139533 0.04088586030664395
0 0.5988372093023255 0.2942930153321976 0.22093023255813954 0.03321976149914821
0 0.5901162790697675 0.33368824531516184 0.25 0.04471890971039182
0 0.5406976744186046 0.37244463373083475 0.4186046511627907 0.031942078364565585
0 0.6017441860465116 0.403747870528109 0.18023255813953487 0.02385008517887564
0 0.6075581395348837 0.4356899488926746 0.2616279069767442 0.04003407155025554
0 0.5523255813953488 0.4778534923339012 0.627906976744186 0.049403747870528106
0 0.5784883720930233 0.518313458262351 0.27325581395348836 0.03492333901192504
0 0.5784883720930233 0.5555792163543442 0.5872093023255814 0.03960817717206133
0 0.5872093023255814 0.6028534923339012 0.45348837209302323 0.036201022146507666
0 0.5813953488372093 0.6522572402044293 0.3953488372093023 0.06260647359454855
0 0.5784883720930233 0.702725724020443 0.6337209302325582 0.03833049403747871
0 0.6133720930232558 0.7455281090289608 0.5988372093023255 0.032793867120954
0 0.6046511627906976 0.7902470187393527 0.6162790697674418 0.056643952299829645
0 0.5901162790697675 0.8492333901192505 0.5523255813953488 0.056218057921635436
0 0.5494186046511628 0.8960817717206133 0.3430232558139535 0.026405451448040886
0 0.563953488372093 0.9305792163543442 0.5930232558139535 0.041737649063032366
0 0.5813953488372093 0.9725298126064736 0.43023255813953487 0.042163543441226574
