0 0.4691358024691358 0.027411814704632383 0.19753086419753085 0.04207394815129622
0 0.4074074074074074 0.07756056098597536 0.2962962962962963 0.058223544411389716
0 0.46296296296296297 0.13918402039949002 0.5308641975308642 0.05907352316192095
0 0.43209876543209874 0.19422014449638758 0.5802469135802469 0.04844878878028049
0 0.48148148148148145 0.2362940926476838 0.43209876543209874 0.02634934126646834
0 0.4506172839506173 0.2849553761155971 0.5185185185185185 0.06587335316617085
0 0.4783950617283951 0.3325541861453464 0.46296296296296297 0.029324266893327667
0 0.404320987654321 0.3824904377390565 0.6234567901234568 0.06119847003824904
0 0.47530864197530864 0.43837654058648534 0.09876543209876543 0.04887377815554611
0 0.4351851851851852 0.4793880152996175 0.6111111111111112 0.02889927751806205
0 0.42592592592592593 0.5237994050148747 0.4074074074074074 0.05992350191245219
0 0.4537037037037037 0.5758606034849129 0.5864197530864198 0.032299192520186995
0 0.5308641975308642 0.6230344241393965 0.7283950617283951 0.06119847003824904
0 0.5308641975308642 0.680407989800255 0.5185185185185185 0.05354866128346791
0 0.5432098765432098 0.7297067573310667 0.4444444444444444 0.032299192520186995
0 0.6111111111111112 0.7590310242243944 0.09876543209876543 0.02634934126646834
0 0.5740740740740741 0.7894177645558861 0.2345679012345679 0.03102422439439014
0 0.5709876543209876 0.8283042923926902 0.3271604938271605 0.04674883127921802
0 0.5648148148148148 0.877603059923502 0.6851851851851852 0.035699107522311944
0 0.5709876543209876 0.9218019549511263 0.5740740740740741 0.05269868253293668
0 0.5895061728395061 0.9749256268593285 0.4382716049382716 0.037399065023374416
