0 0.5228758169934641 0.032423208191126277 0.6274509803921569 0.05204778156996587
0 0.46405228758169936 0.0947098976109215 0.5359477124183006 0.07167235494880546
0 0.47058823529411764 0.16296928327645052 0.43137254901960786 0.050341296928327645
0 0.5098039215686274 0.20819112627986347 0.3006535947712418 0.04010238907849829
0 0.4738562091503268 0.25597269624573377 0.6470588235294118 0.04607508532423208
0 0.4150326797385621 0.31399317406143346 0.6339869281045751 0.07764505119453925
0 0.49673202614379086 0.3709470989761092 0.5751633986928104 0.010665529010238909
0 0.5163398692810458 0.41680887372013653 0.6013071895424836 0.06996587030716724
0 0.5228758169934641 0.4690699658703072 0.5228758169934641 0.03455631399317406
0 0.5620915032679739 0.5194112627986348 0.6797385620915033 0.06015358361774744
0 0.5849673202614379 0.5772184300341296 0.5816993464052288 0.05887372013651877
0 0.6176470588235294 0.6277730375426621 0.37254901960784315 0.04223549488054607
0 0.5718954248366013 0.6727815699658704 0.4117647058823529 0.04778156996587031
0 0.5882352941176471 0.7073378839590444 0.48366013071895425 0.021331058020477817
0 0.5686274509803921 0.7531996587030717 0.5620915032679739 0.055034129692832764
0 0.5980392156862745 0.8169795221843004 0.5032679738562091 0.07252559726962457
0 0.630718954248366 0.8662542662116041 0.22875816993464052 0.025170648464163822
0 0.6045751633986928 0.9065699658703071 0.35947712418300654 0.04948805460750853
0 0.5163398692810458 0.9637372013651877 0.6274509803921569 0.059726962457337884
