0 0.45738636363636365 0.04628064243448859 0.6761363636363636 0.07988165680473373
0 0.48295454545454547 0.11242603550295859 0.7954545454545454 0.05325443786982249
0 0.5880681818181818 0.17032967032967034 0.42613636363636365 0.055790363482671176
0 0.6107954545454546 0.20963651732882502 0.2215909090909091 0.01944209636517329
0 0.5284090909090909 0.25401521555367707 0.7727272727272727 0.055790363482671176
0 0.53125 0.30177514792899407 0.24431818181818182 0.039729501267962805
0 0.5340909090909091 0.3408706677937447 0.625 0.038461538461538464
0 0.5284090909090909 0.3799661876584953 0.38636363636363635 0.0253592561284869
0 0.4971590909090909 0.4294167371090448 0.5170454545454546 0.06593406593406594
0 0.4914772727272727 0.4900676246830093 0.5852272727272727 0.05029585798816568
0 0.5284090909090909 0.5384615384615384 0.7727272727272727 0.04564666103127642
0 0.53125 0.5965765004226543 0.6875 0.05621301775147929
0 0.5454545454545454 0.6477176669484361 0.4772727272727273 0.03930684699915469
0 0.5965909090909091 0.6817413355874894 0.25 0.028740490278951817
0 0.5795454545454546 0.7151310228233305 0.22727272727272727 0.03803888419273035
0 0.5767045454545454 0.7552831783601014 0.5852272727272727 0.042265426880811495
0 0.5653409090909091 0.7901521555367709 0.35795454545454547 0.019864750633981403
0 0.6392045454545454 0.8203719357565511 0.4034090909090909 0.04311073541842773
0 0.6448863636363636 0.8501690617075233 0.23295454545454544 0.014792899408284023
0 0.5568181818181818 0.8888419273034658 0.625 0.044801352493660185
0 0.6022727272727273 0.9389264581572274 0.625 0.04775993237531699
0 0.6079545454545454 0.9837278106508875 0.3181818181818182 0.019864750633981403
