0 0.4090909090909091 0.044558697514995714 0.4805194805194805 0.07626392459297343
0 0.4090909090909091 0.11632390745501285 0.5714285714285714 0.044130248500428446
0 0.38636363636363635 0.16281062553556128 0.2662337662337662 0.03941730934018852
0 0.42207792207792205 0.20051413881748073 0.19480519480519481 0.03598971722365039
0 0.4090909090909091 0.2403598971722365 0.2987012987012987 0.043701799485861184
0 0.42857142857142855 0.28727506426735216 0.6623376623376623 0.03556126820908312
0 0.45454545454545453 0.32197943444730076 0.2857142857142857 0.03384747215081405
0 0.4577922077922078 0.36311053984575836 0.487012987012987 0.048414738646101116
0 0.461038961038961 0.4050985432733505 0.42857142857142855 0.019280205655526992
0 0.4448051948051948 0.4438731790916881 0.6298701298701299 0.04198800342759212
0 0.5227272727272727 0.4916452442159383 0.6948051948051948 0.05355612682090831
0 0.4837662337662338 0.534490145672665 0.525974025974026 0.031276778063410456
0 0.4383116883116883 0.5824764353041988 0.35714285714285715 0.04670094258783205
0 0.5064935064935064 0.6227506426735219 0.11688311688311688 0.03384747215081405
0 0.5194805194805194 0.6606683804627249 0.2727272727272727 0.04198800342759212
0 0.5097402597402597 0.6955869751499572 0.24025974025974026 0.027849185946872322
0 0.4577922077922078 0.7504284490145673 0.6818181818181818 0.06212510711225364
0 0.4902597402597403 0.8153384747215081 0.461038961038961 0.04027420736932305
0 0.5357142857142857 0.8590402742073693 0.7337662337662337 0.04541559554413025
0 0.538961038961039 0.921165381319623 0.4675324675324675 0.049700085689802914
0 0.5162337662337663 0.9697943444730077 0.22727272727272727 0.04755784061696658
